313.0 ADX 39.5494444444 2.3958333333
344.0 AGENA 41.5447222222 3.4886111111
439.0 AKAMU 39.6577777778 2.4713888889
473.0 AKOPA 41.6811111111 1.7916666667
580.0 ALOSU 41.9330555556 0.4986111111
589.0 ALT 38.2683333333 -0.57
590.0 ALT.A 38.28822875 -0.56192225
591.0 ALT.D 38.2823164 -0.5560695333
592.0 ALT01 38.2371194 -0.3419413167
593.0 ALT02 38.2967747333 -0.5333963333
594.0 ALT03 38.2697830833 -0.5860480833
692.0 AMPOL 40.8036111111 0.6391666667
789.0 ANTON 41.26 1.6983333333
830.0 ARBEK 41.5438888889 1.1297222222
869.0 ARGOR 39.5386111111 0.2986111111
884.0 ARLE0 40.55538575 0.2699069167
1049.0 ASMOT 39.2758333333 2.7155555556
1074.0 ASTEK 41.2088888889 1.8219444444
1322.0 BAGAX 39.0511111111 2.1544444444
1348.0 BAKAX 39.4570359667 2.5297923833
1382.0 BALDE 41.23 0.5227777778
1390.0 BALIO 39.6483333333 4.1822222222
1456.0 BANBU 41.0166666667 1.5216666667
1563.0 BASSO 39.54444445 3.1225
1602.0 BAVER 38.8797222222 0.675
1662.0 BCN.A 41.29943885 2.0844560333
1663.0 BCN.D 41.2972901333 2.0768662333
1664.0 BCN04 40.9109612167 2.39200505
1665.0 BCN12 41.0132562 2.3655927667
1666.0 BCN46 41.1447914333 1.8076067
1684.0 BEBES 39.0733333333 1.7033333333
1727.0 BEGOX 39.0691666667 -0.7719444444
1803.0 BENID 41.2380555556 1.4808333333
1875.0 BESOR 38.4663888889 -0.2291666667
1925.0 BEXUR 41.9477777833 3.2086111167
1940.0 BGR 41.9477777778 3.2091666667
2041.0 BISES 41.3186111111 1.6891666667
2071.0 BL045 41.65430415 3.0251583167
2072.0 BL057 40.8607578667 2.2995525333
2073.0 BL058 40.9369960167 2.278676
2077.0 BLASO 40.6527777778 3.6444444444
2317.0 BRUNO 38.6083333333 0.4833333333
2447.0 BUROV 41.5972222222 -0.8747222222
2501.0 CAMBY 40.8641666667 1.1822222222
2515.0 CARME 39.7477777778 4.1977777778
2521.0 CASIM 40.2308333333 0.1430555556
2522.0 CASOL 39.1936111111 2.8419444444
2523.0 CASPE 41.2683333333 0.1994444444
2528.0 CAVES 41.4833333333 1.6636111111
2552.0 CDP 39.6975 3.4341666667
2622.0 CLE 41.64 2.6347222222
2623.0 CLE03 41.2166174833 2.75779595
2634.0 CLS 39.7072222222 -0.9863888889
2683.0 COMPI 39.3508333333 -0.0077777778
2691.0 CORDA 40.4155555556 2.2558333333
2696.0 CORVA 41.2097222222 2.2747222222
2704.0 CRETA 40.8722222222 0.0616666667
2727.0 CST 39.6413888889 2.9155555556
2732.0 CTN 40.2186111111 0.0891666667
2770.0 DALIN 41.7338888889 3.3577777778
3101.0 DILUM 41.3277777778 2.1680555556
3149.0 DIPES 41.0630555556 3.54
3181.0 DIRMU 41.7855555556 0.1594444444
3190.0 DISET 41.2311111111 0.7658333333
3365.0 DONAV 40.0763888889 4.2702777778
3405.0 DORMI 40.8711111111 0.385
3411.0 DOSOP 39.3908333333 3.1255555556
3421.0 DOTIS 41.2019444444 2.0247222222
3433.0 DRAGO 40.0077777778 1.7655555556
3464.0 DUNES 40.8638888889 3.1575
3516.0 EBROX 40.7086111111 1.2316666667
3517.0 EBT 39.6255555556 -0.4719444444
3568.0 EDULI 39.4061111111 2.4175
3812.0 ELSOS 41.8186111167 2.8711111167
3970.0 EPAMA 39.6030555556 1.3802777778
4188.0 ESPOR 40.2830555556 2.0955555556
4435.0 FESTA 41.4422222222 -1.1044444444
4436.0 FEVIK 41.6797222222 3.1961111111
4606.0 GALAT 40.1544444444 1.9408333333
4646.0 GAPLU 41.8833333333 2.5486111111
4656.0 GARBI 40.8027777778 2.2866666667
4698.0 GAVMA 41.2658333333 1.9872222222
4748.0 GEMAS 41.845 0.7302777778
4763.0 GENIO 38.2936111111 3.1477777778
4783.0 GERVU 38.82 0.4833333333
4954.0 GIR 41.9313888889 2.7716666667
4955.0 GIR.A 41.9022670667 2.7603478667
4956.0 GIR.D 41.8914040333 2.7615182167
5129.0 GODOX 39.3725 1.4108333333
5130.0 GODPI 41.7252777778 -0.5955555556
5335.0 GRAUS 41.9791666667 0.3763888889
5590.0 IBA 38.8683333333 1.3658333333
5611.0 IBI 38.8672222222 1.3625
5660.0 IBZ 38.8763888889 1.385
5777.0 INDIA 41.3447222222 -0.9147222222
6061.0 IZA 38.9155555556 1.4705555556
6062.0 IZA.A 38.8772804833 1.36930455
6063.0 IZA.D 38.8731546833 1.37242975
6084.0 JOA 39.5647222222 2.7466666667
6110.0 KABRE 39.1436111111 2.9566666667
6143.0 KARDO 41.8183333333 1.6108333333
6146.0 KARES 41.3311111111 1.1522222222
6172.0 KATAL 38.5938888889 -0.6627777778
6252.0 KENAS 40.5 3.1408333333
6283.0 KERIP 40.9413888889 0.8558333333
6567.0 KOSIT 41.9352777778 2.0602777778
6598.0 KOVAM 39.3919444444 -0.7911111111
6693.0 KUGAX 41.0958333333 1.4766666667
6758.0 KUREG 40.8994444444 2.7188888889
6937.0 LAMPA 38.8016666667 1.9241666667
7029.0 LARPA 40.6266666667 2.3486111111
7045.0 LASDI 38.9375 1.0580555556
7070.0 LASPO 39.2825 -0.5444444444
7098.0 LATRO 41.7716666667 1.6183333333
7105.0 LAVAL 40.3169444444 3.57
7246.0 LESBA 41.255 2.6627777778
7405.0 LISAS 40.2022222222 2.4963888889
7484.0 LOBAR 41.7480555556 0.3183333333
7571.0 LORES 40.5 2.7025
7587.0 LOTOS 40.5497222222 1.0030555556
7610.0 LRD 41.5527777778 0.6480555556
7663.0 LUKEV 41.7661111111 2.2686111111
7680.0 LULAK 39.5233333333 2.8216666667
7728.0 LUNIK 40.4397222222 3.3925
7844.0 LUXUR 38.2133333333 3.4219444444
7973.0 MAMEB 39.7627777778 3.9919444444
7979.0 MAMOM 39.2175 4.0908333333
7983.0 MAMUK 41.8366666667 2.0722222222
7994.0 MANDY 39.9116666667 -1.0405555556
8055.0 MAROT 41.6055555556 3.8602777778
8059.0 MARTA 40.3547222222 1.28
8094.0 MATEX 40.5566666667 0.2655555556
8169.0 MEBUT 38.7511111111 2.2280555556
8170.0 MECKI 41.6619444444 0.6786111111
8226.0 MHN 39.8636111111 4.2163888889
8227.0 MHN.A 39.852633 4.2260543833
8228.0 MHN.D 39.8618890833 4.2272652167
8318.0 MITOS 38.4494444444 -0.0136111111
8329.0 MJV 39.4352777778 2.7583333333
8336.0 MLA 41.1297222222 0.1652777778
8453.0 MOLAR 38.5502777778 1.5988888889
8472.0 MOMAT 41.0816666667 0.9697222222
8513.0 MOPIR 39.4125 -0.8377777778
8618.0 MULAT 39.4 -0.18
8631.0 MUROS 39.7188888889 3.08
8669.0 NAKOP 39.6225 3.2391666667
8730.0 NARGO 38.7383333333 -0.9986111111
8796.0 NAVAR 40.3766666667 0.5216666667
8895.0 NELAS 40.0941666667 3.5208333333
8930.0 NENDA 41.6844444444 2.7513888889
8941.0 NEPAL 40.6927777778 1.9247222222
9023.0 NEVIC 39.3316666667 3.4322222222
9049.0 NEXAS 40.8711111111 -0.7927777778
9068.0 NIBEN 40.0561111111 -0.2616666667
9158.0 NINES 38.6636111111 2.1613888889
9163.0 NINOT 39.2088888889 0.4833333333
9216.0 NITBA 41.0716666667 1.9855555556
9367.0 NOVAS 41.1822222222 1.7102777778
9623.0 ODSEN 39.0641666667 0.4833333333
9704.0 OKETA 41.7236111111 2.9961111111
9716.0 OKITI 39.1163888889 1.4441666667
9836.0 OLMIR 38.5311111111 2.5180555556
9872.0 OLUTO 39.6641666667 2.6125
9919.0 OPERA 39.6227777778 -0.7788888889
9994.0 ORVUS 39.3316666667 0.4313888889
10026.0 OSGAL 39.0247222222 2.8997222222
10096.0 OSPES 40.3725 0.3469444444
10123.0 OSTUR 40.7808333333 2.8938888889
10125.0 OSVAK 41.4875 0.5111111111
10223.0 PA 39.5994444444 2.8211111111
10247.0 PAL.A 39.5640048 2.7460279167
10248.0 PAL.D 39.5517332667 2.7464473667
10262.0 PAPOS 40.6211111111 1.4491666667
10289.0 PECES 38.4802777778 3.9497222222
10299.0 PEKIS 41.6488888889 1.1252777778
10304.0 PEKOR 39.6191666667 3.3747222167
10314.0 PELAT 41.0216666667 0.4425
10396.0 PERAL 41.1883333333 2.0386111111
10420.0 PERUK 41.1991666667 1.8330555556
10446.0 PETAM 39.6852777778 2.7525
10495.0 PEXOT 40.8608333333 1.4519444444
10603.0 PINTO 39.8283333333 2.3241666667
10657.0 PITUX 39.3686111111 2.6205555556
10673.0 PIVUS 41.9238888889 3.9338888889
10688.0 PLANA 39.8905555556 -0.3263888889
10700.0 PND 39.4375 -0.3463888889
10708.0 POBIL 41.7661111111 1.8233333333
10757.0 POLOP 38.3961111111 -0.1786111111
10768.0 PONEN 41.3538888889 -0.5475
10781.0 POS 39.9275 3.1147222222
10782.0 POSBA 40.2197222222 2.9052777778
10821.0 PTC 39.4272222222 3.2566666667
10880.0 RAMON 41.0091666667 -0.2852777778
10970.0 RAVAX 40.9205555556 2.0880555556
11016.0 REBUL 41.6977777778 1.1136111111
11114.0 RES 41.1497222222 1.1711111111
11115.0 RES.A 41.1431879333 1.1869708
11116.0 RES.D 41.1367288833 1.1648040167
11117.0 RES01 41.0547276833 0.9115302
11118.0 RES05 41.4125538167 1.0948994167
11136.0 RETBA 39.4436111111 -0.9088888889
11172.0 RIBAS 41.0352777778 1.6319444444
11226.0 RILUK 41.4358333333 1.3522222222
11236.0 RIMES 40.5580555556 -0.0638888889
11283.0 RIPUX 39.2466666667 -0.4397222222
11417.0 RODRA 41.0513888889 1.7302777778
11520.0 RONAL 41.7616666667 1.9116666667
11526.0 RONDU 38.8233333333 1.5427777778
11620.0 ROVAP 41.6044444444 0.8161111111
11667.0 RUBEO 40.9541666667 -0.6863888889
11677.0 RUBOT 40.9738888889 1.7058333333
11712.0 RULOS 41.1772222222 2.2813888889
11733.0 RUPIT 39.4527777778 2.0269444444
11763.0 RUXET 38.6688888889 0.675
11810.0 SABAS 39.2338888889 2.4155555556
11814.0 SADEM 41.2102777778 3.1738888889
11816.0 SADUR 41.4172222222 1.6738888889
11830.0 SALAS 41.1097222222 0.4763888889
11838.0 SALON 41.4944444444 3.1872222222
11855.0 SANIS 41.1091666667 2.0036111111
11872.0 SARGO 40.5 3.9919444444
11886.0 SAURA 40.2561111111 -0.1833333333
11923.0 SELVA 41.1961111111 1.1663888889
11926.0 SENIA 40.8686111111 0.7388888889
11934.0 SEROX 41.3466666667 0.2186111111
11935.0 SERRA 39.2661111111 -0.8569444444
11954.0 SGO 39.6741666667 -0.2077777778
11955.0 SGO.2 39.68407415 -0.2225773167
12026.0 SISMO 40.6091666667 3.1458333333
12082.0 SLL 41.52 2.1097222222
12083.0 SLL.A 41.5145652667 2.0225334833
12084.0 SLL.D 41.5083937833 2.0429941
12132.0 SOBRO 39.4002777778 -0.8961111111
12255.0 SONTA 38.7730555556 1.1169444444
12271.0 SOPET 39.8338888889 -0.0047222222
12357.0 SOTIL 41.3588888889 2.2986111111
12534.0 SUKOS 41.2844444444 2.2363888889
12543.0 SULID 41.1844444444 3.4413888889
12563.0 SUMMO 38.3602777778 -0.2816666667
12609.0 SURIB 38.3422222222 1.9169444444
12757.0 TALEN 39.1177777778 3.1313888889
12787.0 TASOS 40.9458333333 2.6497222222
12789.0 TATOS 40.0 -0.2836111111
12820.0 TEBLA 41.3811111111 2.325
12918.0 TETIS 39.8972222222 3.9380555556
12986.0 TILNO 38.765 1.0055555556
12997.0 TIMOR 40.0113888889 4.2502777778
13017.0 TINEL 38.9169444444 1.6363888889
13062.0 TIRGO 41.7844444444 1.1261111111
13084.0 TISGO 41.7066666667 2.6861111111
13239.0 TOLSO 40.5 2.3927777778
13263.0 TONIS 39.775 3.2619444444
13284.0 TORDU 40.2580555556 0.5883333333
13309.0 TOSNU 41.0152777778 3.8069444444
13412.0 TUENT 39.845 2.6188888889
13421.0 TUKRO 39.2461111111 2.6105555556
13430.0 TULNO 39.4838888833 -0.00694445
13450.0 TUNDI 40.8188888889 1.5702777778
13850.0 URIAS 39.2358333333 -0.5
13855.0 URIPO 38.9241666667 0.4833333333
14062.0 VAKIN 41.9047222222 -0.3533333333
14172.0 VARUT 39.0222222222 0.675
14349.0 VERSO 41.1530555556 3.7569444444
14415.0 VIBIM 41.0708333333 2.2063888889
14417.0 VIBOK 41.5469444444 1.5019444444
14447.0 VILAR 41.3416666667 0.5658333333
14448.0 VILGA 40.7644444444 1.8947222222
14451.0 VILNA 38.5397222222 -0.8166666667
14479.0 VLA 41.3427777778 1.5477777778
14480.0 VLC 39.4855555556 -0.4830555556
14481.0 VLC.A 39.4977367333 -0.4724928667
14482.0 VLC.D 39.48674135 -0.52489605
14492.0 VNV 41.2105555556 1.7058333333
14493.0 VNv 41.2082893833 1.6926711
14551.0 WALLY 39.7544444444 -1.0941666667
14746.0 XAMUR 41.4030555556 2.8719444444
14762.0 XARON 38.405 2.8538888889
14800.0 XEPLA 41.6872222222 2.0725
14815.0 XESPA 38.5969444444 3.1416666667
14877.0 XOSTA 39.1330555556 0.7416666667
14890.0 XURAL 39.2872222222 2.7211111111
14920.0 ZAR.A 41.6611099667 -1.0553142667
14921.0 ZAR.D 41.6694129833 -1.0370439667
14948.0 ZORIN 38.2919444444 -0.9813888889
14958.0 ZURDO 39.1108333333 1.445
15001.0 ZZA 41.6028794 -0.8782301333
